position 1607r
66 894
67 893
68 892
69 891
70 890
71 889
72 888
73 887
74 886
75 885
76 884
77 883
78 882
79 881
80 880
81 879
82 878
83 877
84 876
85 875
86 874
87 873
88 872
89 871
90 870
91 869
92 868
93 867
94 866
95 865
96 864
97 863
98 862
99 861
100 860
101 859
102 858
103 857
104 856
105 855
106 854
107 853
108 852
109 851
110 850
111 849
112 848
113 847
114 846
115 845
116 844
117 843
118 842
119 841
120 840
121 839
122 838
123 837
124 836
125 835
126 834
127 833
128 832
129 831
130 830
131 829
132 828
133 827
134 826
135 825
136 824
137 823
138 822
139 821
140 820
141 819
142 818
143 817
144 816
145 815
146 814
147 813
148 812
149 811
150 810
151 809
152 808
153 807
154 806
155 805
156 804
157 803
158 802
159 801
160 800
161 799
162 798
163 797
164 796
165 795
166 794
167 793
168 792
169 791
170 790
171 789
172 788
173 787
174 786
175 785
176 784
177 783
178 782
179 781
180 780
180 779
180 778
180 777
180 776
180 775
180 774
180 773
180 772
180 771
180 770
180 769
180 768
180 767
180 766
180 765
180 764
180 763
180 762
180 761
180 760
180 759
180 758
180 757
180 756
180 755
180 754
180 753
180 752
180 751
180 750
180 749
180 748
180 747
180 746
180 745
180 744
180 743
180 742
180 741
180 740
180 739
180 738
180 737
180 736
180 735
180 734
180 733
180 732
180 731
180 730
180 729
180 728
180 727
180 726
180 725
180 724
180 723
180 722
180 721
180 720
180 719
180 718
180 717
180 716
180 715
180 714
180 713
180 712
180 711
180 710
180 709
180 708
180 707
180 706
180 705
180 704
180 703
180 702
180 701
180 700
180 699
180 698
180 697
180 696
180 695
180 694
180 693
180 692
180 691
180 690
180 689
180 688
180 687
180 686
180 685
180 684
180 683
180 682
180 681
180 680
180 679
180 678
180 677
180 676
180 675
179 674
179 673
178 672
178 671
177 670
177 669
176 668
175 667
174 666
173 665
172 664
171 663
170 662
169 661
168 660
167 659
166 658
165 657
164 656
163 655
162 654
161 653
160 652
159 651
158 650
157 649
156 648
155 647
154 646
153 645
152 644
151 643
150 642
149 641
148 640
147 639
146 638
145 637
144 636
143 635
142 634
141 633
140 632
139 632
138 632
137 632
136 632
135 632
134 632
133 632
132 632
131 632
130 632
129 632
128 632
127 632
126 632
125 632
124 632
123 632
122 632
121 632
120 632
119 632
118 632
117 632
116 632
115 632
114 632
113 632
112 632
111 632
110 632
109 632
108 632
107 632
106 632
105 632
104 632
103 632
102 632
101 632
100 632
99 632
98 632
97 632
96 632
95 632
94 632
93 632
92 632
91 632
90 632
89 632
88 632
87 632
86 632
85 632
84 632
83 632
82 632
81 632
80 632
79 632
78 632
77 632
76 632
75 632
74 632
73 632
72 632
71 632
70 632
69 632
68 632
67 632
66 632
65 632
64 632
63 632
62 631
61 631
60 630
59 630
58 629
57 629
56 628
55 627
54 626
53 625
52 624
51 623
50 622
49 621
49 620
49 619
49 618
49 617
49 616
49 615
49 614
49 613
49 612
49 611
49 610
49 609
49 608
49 607
49 606
49 605
49 604
49 603
49 602
49 601
49 600
49 599
49 598
49 597
49 596
49 595
49 594
49 593
49 592
49 591
49 590
50 589
50 588
51 587
51 586
52 585
52 584
53 583
54 582
55 581
56 580
57 579
58 578
59 577
60 576
61 575
62 574
63 573
64 572
65 571
66 570
67 569
68 568
69 567
70 566
71 565
72 564
73 563
74 562
75 561
76 560
77 559
78 558
79 557
80 556
81 555
82 554
83 553
84 552
85 551
86 550
87 549
88 548
89 547
90 546
91 545
92 544
93 543
94 542
95 541
96 540
97 539
98 538
99 537
100 536
101 535
102 534
103 533
104 532
105 531
106 530
107 529
108 528
109 527
110 526
111 525
112 524
113 523
114 522
115 521
116 520
117 519
118 518
119 517
120 516
121 515
122 514
123 513
124 512
125 511
126 510
127 509
128 508
129 507
130 506
131 505
132 504
133 503
134 502
135 501
136 500
137 499
138 498
139 497
140 496
141 496
142 496
143 496
144 496
145 496
146 496
147 496
148 496
149 496
150 496
151 496
152 496
153 496
154 496
155 496
156 496
157 496
158 496
159 496
160 496
161 496
162 496
163 496
164 496
165 496
166 496
167 496
168 496
169 496
170 496
171 496
172 496
173 496
174 496
175 496
176 496
177 496
178 496
179 496
180 496
181 496
182 496
183 496
184 496
185 496
186 496
187 496
188 496
189 496
190 496
191 496
192 496
193 496
194 496
195 496
196 496
197 496
198 496
199 496
200 496
201 496
202 496
203 496
204 496
205 496
206 496
207 496
208 496
209 496
210 496
211 496
212 496
213 496
214 496
215 496
216 496
217 496
218 496
219 496
220 496
221 496
222 496
223 496
224 496
225 496
226 496
227 496
228 496
229 496
230 496
231 496
232 496
233 496
234 496
235 496
236 496
237 496
238 496
239 496
240 496
241 496
242 496
243 496
244 496
245 496
246 496
247 496
248 496
249 496
250 496
251 496
252 496
253 496
254 496
255 496
256 496
257 496
258 496
259 496
260 496
261 496
262 496
263 496
264 496
265 496
266 496
267 496
268 496
269 496
270 496
271 496
272 496
273 495
274 495
275 494
276 494
277 493
278 493
279 492
280 491
281 490
282 489
283 488
284 487
285 486
286 485
287 484
288 483
289 482
290 481
291 480
292 480
293 480
294 480
295 480
296 480
297 480
298 480
299 480
300 480
301 480
302 480
303 480
304 480
305 480
306 480
307 480
308 480
309 480
310 480
311 480
312 480
313 480
314 480
315 480
316 480
317 480
318 480
319 480
320 480
321 480
322 480
323 480
324 480
325 480
326 480
327 480
328 480
329 480
330 480
331 480
332 480
333 480
334 480
335 480
336 480
337 480
338 480
339 480
340 480
341 480
342 480
343 480
344 480
345 480
346 480
347 480
348 480
349 480
350 480
351 480
352 480
353 480
354 480
355 480
356 480
357 480
358 480
359 480
360 480
361 480
362 480
363 480
364 480
365 480
366 480
367 480
368 480
369 480
370 480
371 480
372 480
373 480
374 480
375 480
376 480
377 480
378 480
379 480
380 480
381 480
382 480
383 480
384 480
385 480
386 480
387 480
388 480
389 480
390 480
391 480
392 480
393 480
394 480
395 480
396 480
397 480
398 480
399 480
400 480
401 480
402 480
403 480
404 480
405 480
406 480
407 480
408 480
409 480
410 480
411 480
412 480
413 480
414 480
415 480
416 480
417 480
418 480
419 480
420 480
421 480
422 480
423 480
424 480
425 480
426 480
427 480
428 480
429 480
430 480
431 480
432 480
433 480
434 480
435 480
436 480
437 480
438 480
439 480
440 480
441 480
442 480
443 480
444 480
445 480
446 480
447 480
448 480
449 480
450 480
451 480
452 480
453 480
454 480
455 480
456 480
457 480
458 480
459 480
460 480
461 480
462 480
463 480
464 480
465 480
466 480
467 480
468 480
469 480
470 480
471 480
472 480
473 480
474 480
475 480
476 480
477 480
478 480
479 480
480 480
481 480
482 480
483 480
484 480
485 480
486 480
487 480
488 480
489 480
490 480
491 480
492 480
493 480
494 480
495 480
496 481
497 481
498 481
499 481
500 481
501 481
502 481
503 482
504 482
505 482
506 482
507 483
508 483
509 483
510 484
511 484
512 484
513 485
514 485
515 485
516 486
517 486
518 487
519 487
520 487
521 488
522 488
523 489
524 489
525 490
526 490
527 491
528 491
529 492
530 493
531 493
532 494
533 494
534 495
535 495
536 496
537 497
538 497
539 498
540 499
541 500
542 500
543 501
544 502
545 503
546 504
547 505
548 506
549 506
550 507
551 508
552 509
553 510
554 511
555 512
556 513
557 514
558 514
559 514
560 514
561 514
562 514
563 514
564 514
565 514
566 514
567 514
568 514
569 514
570 514
571 514
572 514
573 514
574 514
575 514
576 514
577 514
578 514
579 514
580 514
581 514
582 514
583 514
584 514
585 514
586 514
587 514
588 514
589 514
590 514
591 514
592 514
593 514
594 514
595 514
596 514
597 514
598 514
599 514
600 514
601 514
602 514
603 514
604 514
605 514
606 514
607 514
608 514
609 514
610 514
611 514
612 514
613 514
614 514
615 514
616 514
617 514
618 514
619 514
620 514
621 514
622 514
623 514
624 514
625 514
626 514
627 514
628 514
629 514
630 514
631 514
632 514
633 514
634 514
635 514
636 514
637 514
638 514
639 514
640 514
641 514
642 514
643 514
644 514
645 514
646 514
647 514
648 514
649 514
650 514
651 514
652 514
653 514
654 514
655 514
656 514
657 514
658 514
659 514
660 514
661 514
662 514
663 514
664 514
665 514
666 514
667 514
668 514
669 514
670 514
671 514
672 514
673 514
674 514
675 514
676 514
677 514
678 514
679 514
680 514
681 514
682 514
683 514
684 514
685 514
686 514
687 514
688 514
689 514
690 514
691 514
692 514
693 514
694 514
695 514
696 514
697 514
698 514
699 514
700 514
701 514
702 514
703 514
704 514
705 514
706 514
707 514
708 514
709 514
710 514
711 514
712 514
713 514
714 514
715 514
716 514
717 514
718 514
719 514
720 514
721 514
722 514
723 514
724 514
725 514
726 514
727 514
728 514
729 514
730 514
731 514
732 514
733 514
734 514
735 514
736 513
737 513
738 512
739 512
740 511
741 511
742 510
743 509
744 508
745 507
746 506
747 505
748 504
749 503
750 502
751 501
752 500
753 499
754 498
755 497
756 496
757 495
758 494
759 493
760 492
761 491
762 490
763 489
764 488
765 487
766 486
767 485
768 484
769 483
770 482
771 481
772 480
773 479
774 478
775 477
776 476
777 475
778 474
779 473
780 472
781 471
782 470
783 469
784 468
785 467
786 466
787 465
788 464
789 463
790 462
791 461
792 460
793 459
794 458
795 457
796 456
797 455
798 454
799 453
800 452
801 451
802 450
803 449
804 448
805 447
806 446
807 445
808 444
809 443
810 442
811 441
812 440
813 439
814 438
815 437
816 436
817 435
818 434
819 433
820 432
821 431
822 430
823 429
824 428
825 427
826 426
827 425
828 424
829 423
830 422
831 421
832 420
833 419
834 418
835 417
836 416
837 415
838 414
839 413
840 412
841 411
842 410
843 409
844 408
845 407
846 406
847 405
847 404
847 403
847 402
847 401
847 400
847 399
847 398
847 397
847 396
847 395
847 394
847 393
847 392
847 391
847 390
847 389
847 388
847 387
847 386
847 385
847 384
847 383
847 382
847 381
847 380
847 379
847 378
847 377
847 376
847 375
847 374
847 373
847 372
847 371
847 370
847 369
847 368
847 367
847 366
847 365
847 364
847 363
847 362
847 361
847 360
847 359
847 358
847 357
847 356
847 355
847 354
847 353
847 352
847 351
847 350
847 349
847 348
847 347
847 346
847 345
847 344
847 343
847 342
847 341
847 340
847 339
847 338
847 337
847 336
847 335
847 334
847 333
847 332
847 331
847 330
848 329
848 328
848 327
848 326
848 325
848 324
848 323
849 322
849 321
849 320
849 319
850 318
850 317
850 316
850 315
851 314
851 313
851 312
852 311
852 310
852 309
853 308
853 307
853 306
854 305
854 304
855 303
855 302
855 301
856 300
856 299
857 298
857 297
858 296
858 295
859 294
859 293
860 292
860 291
861 290
861 289
862 288
862 287
863 286
863 285
864 284
865 283
865 282
866 281
866 280
867 279
868 278
868 277
869 276
870 275
870 274
871 273
872 272
873 271
873 270
874 269
875 268
876 267
877 266
877 265
878 264
879 263
880 262
881 261
882 260
883 259
884 258
885 257
886 256
887 255
888 254
889 253
890 252
891 251
892 250
893 249
894 248
895 247
896 246
897 245
898 244
899 243
900 242
901 241
902 240
903 239
904 238
905 237
906 236
907 235
908 234
909 233
910 232
911 231
912 230
913 229
914 228
915 227
916 226
917 225
918 224
919 223
920 222
921 221
922 220
923 219
924 218
925 217
926 216
927 215
928 214
929 213
930 212
931 211
932 210
933 210
934 210
935 210
936 210
937 210
938 210
939 210
940 210
941 210
942 210
943 210
944 210
945 210
946 210
947 210
948 210
949 210
950 210
951 210
952 210
953 210
954 210
955 210
956 210
957 210
958 210
959 210
960 210
961 210
962 210
963 210
964 210
965 210
966 210
967 210
968 210
969 210
970 210
971 210
972 210
973 210
974 210
975 210
976 210
977 210
978 210
979 210
980 210
981 210
982 210
983 210
984 210
985 210
986 210
987 210
988 210
989 210
990 210
991 210
992 210
993 210
994 210
995 210
996 210
997 210
998 210
999 210
1000 210
1001 210
1002 210
1003 210
1004 210
1005 210
1006 210
1007 210
1008 210
1009 210
1010 210
1011 210
1012 210
1013 210
1014 210
1015 210
1016 210
1017 210
1018 210
1019 210
1020 210
1021 210
1022 210
1023 210
1024 210
1025 210
1026 210
1027 210
1028 210
1029 210
1030 210
1031 210
1032 210
1033 210
1034 210
1035 210
1036 210
1037 210
1038 210
1039 210
1040 210
1041 210
1042 210
1043 210
1044 210
1045 210
1046 210
1047 210
1048 210
1049 210
1050 210
1051 210
1052 210
1053 210
1054 210
1055 210
1056 210
1057 210
1058 210
1059 210
1060 210
1061 209
1062 209
1063 209
1064 209
1065 209
1066 209
1067 209
1068 209
1069 209
1070 209
1071 209
1072 208
1073 208
1074 208
1075 208
1076 208
1077 208
1078 208
1079 207
1080 207
1081 207
1082 207
1083 207
1084 206
1085 206
1086 206
1087 206
1088 206
1089 205
1090 205
1091 205
1092 205
1093 204
1094 204
1095 204
1096 204
1097 204
1098 203
1099 203
1100 203
1101 203
1102 203
1103 202
1104 202
1105 201
1106 201
1107 200
1108 200
1109 199
1110 198
1111 197
1112 196
1113 195
1114 194
1115 193
1116 192
1116 191
1116 190
1116 189
1116 188
1116 187
1116 186
1116 185
1116 184
1116 183
1116 182
1116 181
1116 180
1116 179
1115 178
1115 177
1114 176
1114 175
1113 174
1113 173
1112 172
1111 171
1110 170
1109 169
1108 168
1107 167
1106 166
1105 165
1104 164
1103 163
1102 162
1101 161
1100 160
1100 159
1100 158
1100 157
1100 156
1100 155
1100 154
1100 153
1100 152
1100 151
1100 150
