1 1
2 2
3 3
4 4
5 5
6 6
7 7
8 8
9 9
10 10
11 11
12 12
13 13
14 14
15 15
16 16
17 17
18 18
19 19
20 20
21 21
22 22
23 23
24 24
25 25
26 26
27 27
28 28
29 29
30 30
31 31
32 32
33 33
34 34
35 35
36 36
37 37
38 38
39 39
40 40
41 41
42 42
43 43
44 44
45 45
46 46
47 47
48 48
49 49
50 50
51 51
52 52
53 53
54 54
55 55
56 56
57 57
58 58
59 59
60 60
61 61
62 62
63 63
64 64
65 65
66 66
67 67
68 68
69 69
70 70
71 71
72 72
73 73
74 74
75 75
76 76
77 77
78 78
79 79
80 80
81 81
82 82
83 83
84 84
85 85
86 86
87 87
88 88
89 89
90 90
91 91
92 92
93 93
94 94
95 95
96 96
97 97
98 98
99 99
100 100
101 101
102 102
103 103
104 104
105 105
106 106
107 107
108 108
109 109
110 110
111 111
112 112
113 113
114 114
115 115
116 116
117 117
118 118
119 119
120 120
121 121
122 122
123 123
124 124
125 125
126 126
127 127
128 128
129 129
130 130
131 131
132 132
133 133
134 134
135 135
136 136
137 137
138 138
139 139
140 140
141 141
142 142
143 143
144 144
145 145
146 146
147 147
148 148
149 149
150 150
151 151
152 152
153 153
154 154
155 155
156 156
157 157
158 158
159 159
160 160
161 161
162 162
163 163
164 164
165 165
166 166
167 167
168 168
169 169
170 170
171 171
172 172
173 172
174 173
175 173
176 174
177 174
178 175
179 176
180 176
181 177
182 178
183 179
184 180
185 181
186 182
187 183
188 184
189 185
190 186
191 187
192 188
193 189
194 190
195 191
196 192
197 193
198 194
199 195
200 196
201 197
202 198
203 199
204 200
205 201
206 202
207 203
208 204
209 205
210 206
211 207
212 208
213 209
214 210
215 211
216 212
217 213
218 214
219 215
220 216
221 217
222 218
223 219
224 220
225 221
226 222
227 223
228 224
229 225
230 226
231 227
232 228
233 229
234 230
235 231
236 232
237 233
238 234
239 235
240 236
241 237
242 238
243 239
244 240
245 241
246 242
247 243
248 244
249 245
250 246
251 247
252 248
253 249
254 250
255 251
256 252
257 253
258 254
259 255
260 256
261 257
262 258
263 259
264 260
265 261
266 262
267 263
268 264
269 265
270 266
271 267
272 268
273 269
274 270
275 271
276 272
277 273
278 274
279 275
280 276
281 277
282 278
283 279
284 280
285 281
286 282
287 283
288 284
289 285
290 286
291 287
292 288
293 289
294 290
294 291
294 292
294 293
294 294
294 295
294 296
294 297
294 298
294 299
294 300
294 301
294 302
294 303
294 304
294 305
294 306
294 307
294 308
294 309
294 310
294 311
294 312
294 313
294 314
294 315
294 316
294 317
294 318
294 319
294 320
294 321
294 322
294 323
294 324
294 325
294 326
294 327
294 328
294 329
294 330
294 331
294 332
294 333
294 334
294 335
294 336
294 337
294 338
294 339
294 340
294 341
294 342
294 343
294 344
294 345
294 346
294 347
294 348
294 349
294 350
294 351
294 352
294 353
294 354
294 355
294 356
294 357
294 358
294 359
294 360
294 361
294 362
294 363
294 364
294 365
294 366
294 367
294 368
294 369
294 370
294 371
294 372
294 373
294 374
294 375
294 376
294 377
294 378
294 379
294 380
294 381
294 382
294 383
294 384
294 385
294 386
294 387
294 388
294 389
294 390
294 391
294 392
294 393
294 394
294 395
294 396
294 397
294 398
294 399
294 400
294 401
294 402
294 403
294 404
294 405
294 406
294 407
294 408
294 409
294 410
294 411
294 412
294 413
294 414
294 415
294 416
294 417
294 418
294 419
294 420
294 421
294 422
294 423
294 424
294 425
294 426
294 427
294 428
294 429
294 430
294 431
294 432
294 433
294 434
294 435
294 436
294 437
294 438
294 439
294 440
294 441
294 442
294 443
294 444
294 445
294 446
294 447
294 448
294 449
294 450
294 451
294 452
294 453
294 454
294 455
294 456
294 457
294 458
294 459
294 460
294 461
294 462
294 463
294 464
294 465
294 466
294 467
294 468
294 469
294 470
294 471
294 472
294 473
294 474
294 475
294 476
294 477
294 478
294 479
294 480
294 481
294 482
294 483
294 484
294 485
294 486
294 487
294 488
294 489
294 490
294 491
294 492
294 493
294 494
294 495
294 496
294 497
294 498
294 499
294 500
294 501
294 502
294 503
294 504
294 505
294 506
294 507
294 508
294 509
294 510
294 511
294 512
294 513
294 514
294 515
294 516
294 517
294 518
294 519
294 520
294 521
294 522
294 523
294 524
294 525
294 526
294 527
294 528
294 529
294 530
294 531
294 532
294 533
294 534
294 535
294 536
294 537
294 538
294 539
294 540
294 541
294 542
294 543
294 544
294 545
294 546
294 547
294 548
294 549
294 550
294 551
294 552
294 553
294 554
294 555
294 556
294 557
294 558
294 559
294 560
294 561
294 562
294 563
294 564
294 565
294 566
294 567
294 568
294 569
294 570
294 571
294 572
294 573
294 574
294 575
294 576
294 577
294 578
294 579
294 580
294 581
294 582
294 583
294 584
294 585
294 586
294 587
294 588
294 589
294 590
294 591
294 592
294 593
294 594
294 595
294 596
294 597
294 598
294 599
294 600
294 601
294 602
294 603
294 604
294 605
294 606
294 607
294 608
294 609
294 610
294 611
294 612
294 613
294 614
294 615
294 616
294 617
294 618
294 619
294 620
294 621
294 622
294 623
294 624
294 625
294 626
294 627
294 628
294 629
294 630
294 631
294 632
294 633
294 634
294 635
294 636
294 637
294 638
294 639
294 640
294 641
295 642
295 643
295 644
295 645
296 646
296 647
297 648
297 649
298 650
298 651
299 652
300 653
300 654
301 655
302 656
303 657
304 658
305 659
306 660
307 661
308 662
309 663
310 664
311 665
312 666
313 667
314 668
315 669
316 670
317 671
318 672
319 673
320 674
321 675
322 676
323 677
324 678
325 679
326 680
327 681
328 682
329 683
330 684
331 685
332 686
333 687
334 688
335 689
336 690
337 691
338 692
339 693
340 694
341 695
342 696
343 697
344 698
345 699
346 700
347 701
348 702
349 703
350 704
351 705
352 706
353 707
354 708
355 709
356 710
357 711
358 712
359 713
360 714
361 715
362 716
363 717
364 718
365 719
366 720
367 721
368 722
369 723
370 724
371 725
372 726
373 727
374 728
375 729
376 730
377 731
378 732
379 733
380 734
381 735
382 736
383 737
384 738
385 739
386 740
387 741
388 742
389 743
390 744
391 745
392 746
393 747
394 748
395 749
396 750
397 751
398 752
399 753
400 754
401 755
402 756
403 757
404 758
405 759
406 760
407 761
408 762
409 763
410 764
411 765
412 766
413 767
414 768
415 769
416 770
417 771
418 772
419 773
420 774
421 775
422 776
423 777
424 778
425 779
426 780
427 781
428 782
429 783
430 784
431 785
432 786
433 787
434 788
435 789
436 790
437 791
438 792
439 793
440 794
441 795
442 796
443 797
444 798
445 799
446 800
447 801
448 802
449 803
450 804
451 805
452 806
453 807
454 808
455 808
456 808
457 808
458 808
459 808
460 808
461 808
462 808
463 808
464 808
465 808
466 808
467 808
468 808
469 808
470 808
471 808
472 808
473 808
474 808
475 808
476 808
477 808
478 808
479 808
480 808
481 808
482 808
483 808
484 808
485 808
486 808
487 808
488 808
489 808
490 808
491 808
492 809
493 809
494 809
495 809
496 810
497 810
498 811
499 811
500 812
501 812
502 813
503 814
504 814
505 815
506 816
507 817
508 818
509 819
510 820
511 821
512 822
513 823
514 824
515 825
516 826
517 827
518 828
519 829
520 830
521 831
522 832
523 833
524 834
525 835
526 835
527 835
528 835
529 835
530 835
531 835
532 835
533 835
534 835
535 835
536 835
537 835
538 835
539 835
540 835
541 835
542 835
543 835
544 835
545 835
546 835
547 835
548 835
549 835
550 835
551 835
552 835
553 835
554 835
555 835
556 835
557 835
558 835
559 835
560 835
561 835
562 835
563 835
564 835
565 835
566 835
567 835
568 835
569 835
570 835
571 835
572 835
573 835
574 835
575 835
576 835
577 835
578 835
579 835
580 835
581 835
582 835
583 835
584 835
585 835
586 835
587 835
588 835
589 835
590 835
591 835
592 835
593 835
594 835
595 835
596 835
597 835
598 835
599 835
600 835
601 835
602 835
603 835
604 835
605 835
606 835
607 835
608 835
609 835
610 835
611 835
612 835
613 835
614 835
615 835
616 835
617 835
618 835
619 835
620 835
621 835
622 835
623 835
624 835
625 835
626 835
627 835
628 835
629 835
630 835
631 835
632 835
633 835
634 835
635 835
636 835
637 835
638 835
639 835
640 835
641 835
642 835
643 835
644 835
645 835
646 835
647 835
648 835
649 835
650 835
651 835
652 835
653 835
654 835
655 835
656 835
657 835
658 835
659 835
660 835
661 835
662 835
663 835
664 835
665 835
666 835
667 835
668 835
669 835
670 835
671 835
672 835
673 835
674 835
675 835
676 835
677 835
678 835
679 835
680 835
681 835
682 835
683 835
684 835
685 835
686 835
687 835
688 835
689 835
690 835
691 835
692 835
693 835
694 835
695 835
696 835
697 835
698 835
699 835
700 835
701 835
702 835
703 835
704 835
705 835
706 835
707 835
708 835
709 835
710 835
711 835
712 835
713 835
714 835
715 835
716 835
717 835
718 834
719 834
720 834
721 834
722 833
723 833
724 832
725 832
726 831
727 831
728 830
729 829
730 829
731 828
732 827
733 826
734 825
735 824
736 823
737 822
738 821
739 820
740 819
741 818
742 817
743 816
744 815
745 814
746 813
747 812
748 811
749 810
750 809
751 808
752 807
753 806
754 805
755 804
756 803
757 802
758 801
759 800
760 799
761 798
762 797
763 796
764 795
765 794
766 793
767 792
768 791
769 790
770 789
771 788
772 787
773 786
774 785
775 784
776 783
777 782
778 781
779 780
780 779
781 778
782 777
783 776
784 775
785 774
786 773
787 772
788 771
789 770
790 769
791 768
792 767
793 766
794 765
795 764
796 763
797 762
798 761
799 760
800 759
801 758
802 757
803 756
804 755
805 754
806 753
807 752
808 751
809 750
810 749
811 748
812 747
813 746
814 745
815 744
816 743
817 742
818 741
819 740
820 739
821 738
822 737
823 736
824 735
825 734
826 733
827 732
828 731
829 730
830 729
831 728
832 727
833 726
834 725
835 724
836 723
837 722
838 721
839 720
840 719
841 718
842 717
843 716
844 715
845 714
846 713
847 712
848 711
849 710
850 709
851 708
852 707
853 706
854 705
855 704
856 703
857 702
858 701
859 700
860 699
861 698
862 697
863 696
864 695
865 694
866 693
866 692
866 691
866 690
866 689
866 688
866 687
866 686
866 685
866 684
866 683
866 682
866 681
866 680
866 679
866 678
866 677
866 676
866 675
866 674
866 673
866 672
866 671
866 670
866 669
866 668
866 667
866 666
866 665
866 664
866 663
866 662
866 661
866 660
866 659
866 658
866 657
866 656
866 655
866 654
866 653
866 652
866 651
866 650
866 649
866 648
866 647
866 646
866 645
866 644
866 643
866 642
866 641
866 640
866 639
866 638
866 637
866 636
866 635
866 634
866 633
866 632
866 631
866 630
866 629
866 628
866 627
866 626
866 625
866 624
866 623
866 622
866 621
866 620
866 619
866 618
866 617
866 616
866 615
866 614
866 613
866 612
866 611
866 610
866 609
866 608
866 607
866 606
866 605
866 604
866 603
866 602
866 601
866 600
866 599
866 598
866 597
866 596
866 595
866 594
866 593
866 592
866 591
866 590
866 589
866 588
866 587
866 586
866 585
866 584
866 583
866 582
866 581
866 580
866 579
866 578
866 577
866 576
866 575
866 574
866 573
866 572
866 571
866 570
866 569
866 568
866 567
866 566
866 565
866 564
866 563
866 562
866 561
866 560
866 559
866 558
866 557
866 556
866 555
866 554
866 553
866 552
866 551
866 550
866 549
866 548
866 547
866 546
866 545
866 544
867 543
867 542
867 541
867 540
867 539
867 538
868 537
868 536
868 535
868 534
869 533
869 532
869 531
869 530
870 529
870 528
870 527
871 526
871 525
871 524
872 523
872 522
873 521
873 520
874 519
874 518
875 517
875 516
876 515
876 514
877 513
877 512
878 511
878 510
879 509
879 508
880 507
881 506
881 505
882 504
883 503
883 502
884 501
885 500
886 499
886 498
887 497
888 496
889 495
890 494
891 493
892 492
893 491
894 490
895 489
896 488
897 487
898 486
899 485
900 484
901 483
902 482
903 481
904 480
905 479
906 478
907 477
908 476
909 475
910 474
911 473
912 472
913 471
914 470
915 469
916 468
917 467
918 466
919 465
920 464
921 463
922 462
923 461
924 460
925 459
926 458
927 457
928 456
929 455
930 454
931 453
932 452
933 451
934 450
935 449
936 449
937 449
938 449
939 449
940 449
941 449
942 449
943 449
944 449
945 449
946 449
947 449
948 449
949 449
950 449
951 449
952 449
953 449
954 449
955 449
956 449
957 449
958 449
959 449
960 449
961 449
962 449
963 449
964 449
965 449
966 449
967 449
968 449
969 449
970 449
971 449
972 449
973 449
974 449
975 449
976 449
977 449
978 449
979 449
980 449
981 449
982 449
983 449
984 449
985 449
986 449
987 449
988 449
989 449
990 449
991 449
992 449
993 449
994 449
995 449
996 449
997 449
998 449
999 449
1000 449
1001 449
1002 449
1003 449
1004 449
1005 449
1006 449
1007 449
1008 449
1009 449
1010 449
1011 449
1012 449
1013 449
1014 449
1015 449
1016 450
1017 450
1018 450
1019 450
1020 450
1021 450
1022 450
1023 450
1024 451
1025 451
1026 451
1027 451
1028 451
1029 452
1030 452
1031 452
1032 452
1033 453
1034 453
1035 454
1036 454
1037 455
1038 455
1039 456
1040 457
1041 457
1042 458
1043 459
1044 460
1045 461
1046 462
1047 463
1048 464
1049 465
1050 466
1051 467
1052 468
1053 469
1053 470
1053 471
1053 472
1053 473
1053 474
1053 475
1053 476
1053 477
1053 478
1053 479
1053 480
1053 481
1053 482
1053 483
1053 484
1053 485
1053 486
1053 487
1053 488
1053 489
1052 490
1052 491
1052 492
1052 493
1051 494
1051 495
1050 496
1050 497
1049 498
1049 499
1048 500
1047 501
1047 502
1046 503
1045 504
1044 505
1044 506
1043 507
1042 508
1041 509
1040 510
1039 511
1039 512
1038 513
1037 514
1036 515
1035 516
1034 517
1033 518
1032 519
1031 520
1030 521
1029 522
1028 523
1027 524
1026 525
1025 526
1024 527
1023 528
1022 529
1021 530
1020 531
1019 532
1018 533
1017 534
1016 535
1015 536
1014 537
1013 538
1012 539
1011 540
1010 541
1009 542
1008 543
1007 544
1006 545
1005 546
1004 547
1003 548
1002 549
1001 550
1000 551
1000 552
1000 553
1000 554
1000 555
1000 556
1000 557
1000 558
1000 559
1000 560
1000 561
1000 562
1000 563
1000 564
1000 565
1000 566
1000 567
1000 568
1000 569
1000 570
1000 571
1000 572
1000 573
1000 574
1000 575
1000 576
1000 577
1000 578
1000 579
1000 580
1000 581
1000 582
1000 583
1000 584
1000 585
1000 586
1000 587
1000 588
1000 589
1000 590
1000 591
1000 592
1000 593
1000 594
1000 595
1000 596
1000 597
1000 598
1000 599
1000 600
